0 0.658691 0.496745 0.463867 0.899740
1 0.490921 0.317779 0.103081 0.134750
1 0.601891 0.317779 0.106237 0.134750
1 0.714439 0.317779 0.106237 0.134750
1 0.826462 0.317779 0.105185 0.134750
1 0.490921 0.464461 0.103081 0.141768
1 0.601891 0.464461 0.106237 0.141768
1 0.714439 0.464461 0.106237 0.141768
1 0.826462 0.464461 0.105185 0.141768
1 0.490921 0.614651 0.103081 0.141768
1 0.601891 0.614651 0.106237 0.141768
1 0.714439 0.614651 0.106237 0.141768
1 0.826462 0.614651 0.105185 0.141768
1 0.490921 0.763438 0.103081 0.138961
1 0.601891 0.763438 0.106237 0.138961
1 0.714439 0.763438 0.106237 0.138961
1 0.826462 0.763438 0.105185 0.138961
2 0.460620 0.905227 0.029224 0.053085
3 0.822900 0.897129 0.114575 0.062982
