0 0.460449 0.488932 0.463867 0.899740
1 0.292679 0.309967 0.103081 0.134750
1 0.403649 0.309967 0.106237 0.134750
1 0.516197 0.309967 0.106237 0.134750
1 0.628220 0.309967 0.105185 0.134750
1 0.292679 0.456649 0.103081 0.141768
1 0.403649 0.456649 0.106237 0.141768
1 0.516197 0.456649 0.106237 0.141768
1 0.628220 0.456649 0.105185 0.141768
1 0.292679 0.606839 0.103081 0.141768
1 0.403649 0.606839 0.106237 0.141768
1 0.516197 0.606839 0.106237 0.141768
1 0.628220 0.606839 0.105185 0.141768
1 0.292679 0.755626 0.103081 0.138961
1 0.403649 0.755626 0.106237 0.138961
1 0.516197 0.755626 0.106237 0.138961
1 0.628220 0.755626 0.105185 0.138961
2 0.262378 0.897414 0.029224 0.053085
3 0.624658 0.889316 0.114575 0.062982
