0 0.605469 0.513021 0.386719 0.750000
1 0.465601 0.363840 0.085937 0.112325
1 0.558115 0.363840 0.088568 0.112325
1 0.651945 0.363840 0.088568 0.112325
1 0.745336 0.363840 0.087691 0.112325
1 0.465601 0.486110 0.085937 0.118175
1 0.558115 0.486110 0.088568 0.118175
1 0.651945 0.486110 0.088568 0.118175
1 0.745336 0.486110 0.087691 0.118175
1 0.465601 0.611305 0.085937 0.118175
1 0.558115 0.611305 0.088568 0.118175
1 0.651945 0.611305 0.088568 0.118175
1 0.745336 0.611305 0.087691 0.118175
1 0.465601 0.735330 0.085937 0.115835
1 0.558115 0.735330 0.088568 0.115835
1 0.651945 0.735330 0.088568 0.115835
1 0.745336 0.735330 0.087691 0.115835
2 0.440340 0.853521 0.024363 0.044250
3 0.742367 0.846771 0.095520 0.052500
