0 0.437012 0.455078 0.463867 0.899740
1 0.269241 0.276113 0.103081 0.134750
1 0.380212 0.276113 0.106237 0.134750
1 0.492760 0.276113 0.106237 0.134750
1 0.604782 0.276113 0.105185 0.134750
1 0.269241 0.422795 0.103081 0.141768
1 0.380212 0.422795 0.106237 0.141768
1 0.492760 0.422795 0.106237 0.141768
1 0.604782 0.422795 0.105185 0.141768
1 0.269241 0.572984 0.103081 0.141768
1 0.380212 0.572984 0.106237 0.141768
1 0.492760 0.572984 0.106237 0.141768
1 0.604782 0.572984 0.105185 0.141768
1 0.269241 0.721772 0.103081 0.138961
1 0.380212 0.721772 0.106237 0.138961
1 0.492760 0.721772 0.106237 0.138961
1 0.604782 0.721772 0.105185 0.138961
2 0.238940 0.863560 0.029224 0.053085
3 0.601221 0.855462 0.114575 0.062982
