0 0.667480 0.527995 0.463867 0.899740
1 0.499710 0.349029 0.103081 0.134750
1 0.610680 0.349029 0.106237 0.134750
1 0.723228 0.349029 0.106237 0.134750
1 0.835251 0.349029 0.105185 0.134750
1 0.499710 0.495711 0.103081 0.141768
1 0.610680 0.495711 0.106237 0.141768
1 0.723228 0.495711 0.106237 0.141768
1 0.835251 0.495711 0.105185 0.141768
1 0.499710 0.645901 0.103081 0.141768
1 0.610680 0.645901 0.106237 0.141768
1 0.723228 0.645901 0.106237 0.141768
1 0.835251 0.645901 0.105185 0.141768
1 0.499710 0.794688 0.103081 0.138961
1 0.610680 0.794688 0.106237 0.138961
1 0.723228 0.794688 0.106237 0.138961
1 0.835251 0.794688 0.105185 0.138961
2 0.469409 0.936477 0.029224 0.053085
3 0.831689 0.928379 0.114575 0.062982
