0 0.478027 0.527995 0.463867 0.899740
1 0.310257 0.349029 0.103081 0.134750
1 0.421227 0.349029 0.106237 0.134750
1 0.533775 0.349029 0.106237 0.134750
1 0.645798 0.349029 0.105185 0.134750
1 0.310257 0.495711 0.103081 0.141768
1 0.421227 0.495711 0.106237 0.141768
1 0.533775 0.495711 0.106237 0.141768
1 0.645798 0.495711 0.105185 0.141768
1 0.310257 0.645901 0.103081 0.141768
1 0.421227 0.645901 0.106237 0.141768
1 0.533775 0.645901 0.106237 0.141768
1 0.645798 0.645901 0.105185 0.141768
1 0.310257 0.794688 0.103081 0.138961
1 0.421227 0.794688 0.106237 0.138961
1 0.533775 0.794688 0.106237 0.138961
1 0.645798 0.794688 0.105185 0.138961
2 0.279956 0.936477 0.029224 0.053085
3 0.642236 0.928379 0.114575 0.062982
