0 0.457520 0.505859 0.463867 0.899740
1 0.289749 0.326894 0.103081 0.134750
1 0.400719 0.326894 0.106237 0.134750
1 0.513268 0.326894 0.106237 0.134750
1 0.625290 0.326894 0.105185 0.134750
1 0.289749 0.473576 0.103081 0.141768
1 0.400719 0.473576 0.106237 0.141768
1 0.513268 0.473576 0.106237 0.141768
1 0.625290 0.473576 0.105185 0.141768
1 0.289749 0.623766 0.103081 0.141768
1 0.400719 0.623766 0.106237 0.141768
1 0.513268 0.623766 0.106237 0.141768
1 0.625290 0.623766 0.105185 0.141768
1 0.289749 0.772553 0.103081 0.138961
1 0.400719 0.772553 0.106237 0.138961
1 0.513268 0.772553 0.106237 0.138961
1 0.625290 0.772553 0.105185 0.138961
2 0.259448 0.914341 0.029224 0.053085
3 0.621729 0.906243 0.114575 0.062982
