0 0.722656 0.365885 0.343750 0.666667
1 0.598329 0.233280 0.076389 0.099844
1 0.680564 0.233280 0.078727 0.099844
1 0.763968 0.233280 0.078727 0.099844
1 0.846983 0.233280 0.077948 0.099844
1 0.598329 0.341965 0.076389 0.105044
1 0.680564 0.341965 0.078727 0.105044
1 0.763968 0.341965 0.078727 0.105044
1 0.846983 0.341965 0.077948 0.105044
1 0.598329 0.453249 0.076389 0.105044
1 0.680564 0.453249 0.078727 0.105044
1 0.763968 0.453249 0.078727 0.105044
1 0.846983 0.453249 0.077948 0.105044
1 0.598329 0.563493 0.076389 0.102964
1 0.680564 0.563493 0.078727 0.102964
1 0.763968 0.563493 0.078727 0.102964
1 0.846983 0.563493 0.077948 0.102964
2 0.575875 0.668552 0.021656 0.039333
3 0.844344 0.662552 0.084906 0.046667
