0 0.259766 0.723958 0.257812 0.500000
1 0.166521 0.624504 0.057292 0.074883
1 0.228197 0.624504 0.059046 0.074883
1 0.290750 0.624504 0.059046 0.074883
1 0.353011 0.624504 0.058461 0.074883
1 0.166521 0.706018 0.057292 0.078783
1 0.228197 0.706018 0.059046 0.078783
1 0.290750 0.706018 0.059046 0.078783
1 0.353011 0.706018 0.058461 0.078783
1 0.166521 0.789481 0.057292 0.078783
1 0.228197 0.789481 0.059046 0.078783
1 0.290750 0.789481 0.059046 0.078783
1 0.353011 0.789481 0.058461 0.078783
1 0.166521 0.872164 0.057292 0.077223
1 0.228197 0.872164 0.059046 0.077223
1 0.290750 0.872164 0.059046 0.077223
1 0.353011 0.872164 0.058461 0.077223
2 0.149680 0.950958 0.016242 0.029500
3 0.351031 0.946458 0.063680 0.035000
