0 0.600586 0.399740 0.300781 0.583333
1 0.491800 0.283710 0.066840 0.087363
1 0.563756 0.283710 0.068886 0.087363
1 0.636734 0.283710 0.068886 0.087363
1 0.709372 0.283710 0.068204 0.087363
1 0.491800 0.378809 0.066840 0.091913
1 0.563756 0.378809 0.068886 0.091913
1 0.636734 0.378809 0.068886 0.091913
1 0.709372 0.378809 0.068204 0.091913
1 0.491800 0.476182 0.066840 0.091913
1 0.563756 0.476182 0.068886 0.091913
1 0.636734 0.476182 0.068886 0.091913
1 0.709372 0.476182 0.068204 0.091913
1 0.491800 0.572647 0.066840 0.090093
1 0.563756 0.572647 0.068886 0.090093
1 0.636734 0.572647 0.068886 0.090093
1 0.709372 0.572647 0.068204 0.090093
2 0.472152 0.664573 0.018949 0.034417
3 0.707062 0.659323 0.074293 0.040833
